1615
9636
9405
8584
546
8892
7410
7676
3675
3018
9783
9542
4775
6155
9584
9939
9224
8727
7744
7676
6146
9579
7040
8412
9923
2021
9025
9658
4890
7163
3550
9351
5930
7493
4097
9979
7253
9203
3725
3488
7971
9955
3940
8491
2248
7820
5829
5672
9440
8917
7161
7678
6879
9167
6737
8774
7538
9171
9465
9904
3962
9873
7196
8226
5759
4589
9434
4482
7932
7405
5292
7921
3331
8649
6118
1963
5736
4637
7504
9190
9724
9406
10000
8700
5053
8689
8826
9424
9909
6026
9493
6665
8120
9273
4266
5504
8619
6982
9808
8896
5513
7730
7984
8705
8915
5653
6563
9979
7067
3984
8766
7093
4856
6226
9340
5673
9428
8993
3587
8209
2380
6358
7872
1623
5269
7811
8932
324
9847
9020
8170
5086
8144
8707
9189
5858
8418
8718
2181
7599
8093
2432
8136
8338
5452
9878
9970
5726
8358
9496
9490
6002
7194
2608
5725
6370
8334
3391
3852
4089
6042
6666
6836
9530
5341
9832
8606
6866
7040
9774
7361
9861
6379
4634
4097
7630
9187
8774
6744
9783
9020
9815
6814
7255
7350
9635
8487
8400
9955
7653
4141
8609
8377
8551
7957
8846
3158
9535
5344
9088
8856
9456
4911
7443
3901
9605
8597
9203
9677
4222
5952
9202
8906
7467
6331
9809
8432
9898
7976
9321
8158
5919
7841
8008
9564
9991
5622
2043
9645
7870
9792
8164
8991
7213
5120
3358
6252
6948
7309
4831
3700
7781
7954
9905
9730
7501
5365
9157
9116
5980
6792
8247
5423
8966
3634
8891
8641
9045
3089
2310
9981
9963
9575
7891
9534
9134
6126
7028
8245
7927
9884
8851
9221
9553
6532
7285
2682
9434
4539
5628
7077
8920
9880
7888
8512
2672
8627
6212
1365
4803
8128
4301
9195
8665
5760
9751
7482
8111
7541
8213
9231
9556
9994
9489
9766
7913
8491
8893
9449
9717
7565
5933
8691
7141
9985
9791
8310
9724
3942
9570
4217
8022
7616
9150
4049
6406
9164
7970
7183
9632
9114
7865
9597
4486
9875
5977
9086
5352
5769
9887
3257
9962
4961
9033
5468
8615
7604
7724
9698
8659
8245
8714
8062
9989
4232
9498
9548
6862
6178
9701
9940
6643
9282
2289
9324
3079
7350
4244
9348
7120
4416
917
9532
6599
9748
4895
9778
9568
2997
9313
8175
5830
6890
5488
9411
9709
1531
9674
9517
3782
6928
9798
9400
5837
8051
9680
6600
8380
9787
7645
5505
2746
9480
6519
6466
7771
8157
9104
9857
9621
7337
7382
9600
9006
9971
9903
8838
6909
9404
2664
9435
8009
9810
9750
8171
9828
7724
7065
6945
7529
4527
7183
7126
6452
3858
4452
7519
8004
9316
9568
5481
7683
8249
9215
7934
9589
7400
3187
8497
8130
9265
4724
7692
353
9908
6513
9481
9732
6546
9658
9721
5963
7122
7267
6647
8697
4534
8351
9522
7440
8636
6325
9422
8738
7369
8084
3600
9497
2657
5881
9400
7795
7144
6835
9166
6125
8384
5445
8961
6464
8519
7904
3830
9346
9295
8726
7189
8303
4266
7350
7515
8285
8256
8905
8745
9883
7656
9286
3919
9395
9659
8406
7285
5028
6467
8319
6824
9426
8940
7095
8693
6700
2766
7714
8079
9996
8682
7010
8867
8293
5290
6249
9052
2415
9531
7658
7626
9670
4305
8497
8147
8754
9331
9874
9704
9447
9913
7324
6768
7933
8381
9710
6997
5387
9669
7796
9800
8766
5925
2736
3284
7818
9149
6329
2163
8532
5164
8517
8121
7214
6014
7348
5880
4263
5659
9550
6677
9980
8938
9041
9371
9031
6022
3567
2370
8409
9417
9801
5454
9860
6086
9941
9461
9138
8196
9888
9657
8432
9174
4783
8988
9378
8655
4579
9879
9886
6588
9362
7804
5538
9609
2579
3966
5588
9776
3182
7838
8018
9097
9704
8954
8553
9894
8684
9316
9622
4794
7801
9416
9902
3706
172
6752
5427
5359
9890
9773
9691
8807
9736
9246
6588
8483
5730
3490
5935
9864
6910
8630
9489
6639
8098
4926
8686
1154
9562
9963
4279
9784
4970
7544
2885
8335
2174
3195
7922
3615
9265
6951
9948
9264
4637
6437
9262
9218
5727
8583
7483
5065
6166
2372
5760
9885
1987
6208
4301
9900
9427
8843
8912
9254
9688
7186
9903
6589
8489
9874
4966
8950
7996
9641
9968
9854
5903
7985
6957
5476
8983
9145
6697
9747
9730
5843
5651
9677
3612
9810
8805
4344
8612
9910
5436
5576
9847
6874
7452
7902
8981
9924
6775
6362
6928
8099
9907
8704
8584
6725
4754
6774
9622
9601
9967
7916
3204
8084
9682
5141
9663
8165
9993
867
9953
4333
9501
9237
8442
9457
7027
4851
9253
9712
8716
9427
3764
9756
5265
7861
7358
9888
9946
5867
8638
9897
4270
9434
8280
9144
7387
8914
7568
8762
7137
5316
2998
9161
8946
2638
7970
7316
4973
4458
9642
9835
5537
9077
9110
9632
9909
5850
8750
7613
8514
8497
9193
2642
9604
9676
9948
9832
9529
7814
2122
8169
7257
6604
7985
4202
6958
8824
6141
8422
2817
7518
5056
9993
4448
7630
9714
9578
6200
9183
7219
6458
8715
7404
8022
6255
9651
6179
6150
4471
9396
9877
6984
6113
9032
8428
9385
6338
9659
9176
9375
3747
7172
9840
5791
8920
6435
9829
8816
9758
7679
9719
9602
6051
6067
9220
9977
1605
9750
5327
4887
6707
4078
9071
2244
7284
2905
3955
8169
8169
7621
5959
9913
5412
7527
9176
5752
8457
9992
8871
7370
9605
6722
5471
7357
6128
8861
7925
5232
2712
6212
9166
9988
5976
7681
5201
8441
9994
8786
6448
5509
5172
3059
9703
9533
9833
4371
9575
8372
4902
7460
8687
8094
4134
8133
8345
7406
5669
8889
4166
9959
8219
7953
7132
5211
4722
6342
9624
9725
9794
6099
5072
1728
7420
5751
7136
7034
7264
9137
9964
8478
9752
4796
9423
8082
496
6957
7200
9582
7302
9921
9886
4930
6674
5627
4904
9034
8892
6853
9638
6060
6256
5747
4337
8984
9976
9740
7599
9882
3549
9969
8322
5408
9846
9981
5857
2762
4023
9342
8984
8800
7362
8694
9146
7941
9571
9666
3796
9771
6275
9391
9683
8855
75
5416
1220
9926
8430
8182
9198
8946
7118
8038
9192
9988
9650
4783
9996
9884
1331
9742
8030
5744
5843
6274
8862
8456
7576
9354
9188
3650
8132
6514
9828
8612
9378
9701
9551
6167
3917
9119
9043
8131
8108
8090
702
8851
7716
2102
6106
9696
9161
9903
825
4128
8688
8974
1074
3352
9844
9514
8073
9405
8410
6123
7649
9823
7688
9739
9279
6734
9753
9077
5102
9216
9473
8117
9287
8273
678
9447
9127
7977
3043
6013
9086
6612
7628
9037
4428
8663
7464
8855
7446
8680
7287
9514
9854
9312
5561
3601
9324
7569
9174
8791
8109
5853
8026
9947
2221
7258
9556
6176
8061
9222
4671
7974
8971
9367
3571
9338
9213
8087
5909
9008
9890
9292
8890
7353
4760
9589
9984
8941
9755
5739
7855
9622
7382
9210
9877
9358
9187
7573
8138
7038
6829
9709
6654
8875
8945
7307
9763
4438
4600
7868
5907
6446
8794
7411
8157
6732
6275
7537
6077
6607
7238
7246
6896
9106
6677
6523
7835
9601
9750
9488
7792
7922
5404
8073
3387
4210
4306
9540
9533
9849
4139
7929
9377
9097
7649
9476
7187
9366
9947
4211
7114
9710
8944
6383
7820
5603
7783
7373
8345
7921
9966
9347
9463
6095
9177
7175
9743
8576
7717
3594
9665
5054
9829
8956
9971
8814
5584
9769
7545
5290
8362
9326
7013
8324
6586
9718
7927
4163
6109
9970
6235
9703
9016
9151
5310
7236
9809
9506
8209
9931
7094
7480
7918
8381
7084
2145
9520
9764
1700
3489
9109
9929
9526
9086
4900
7260
9219
9469
8357
9672
5768
6194
9458
7732
5429
6119
7353
9769
6188
4994
8522
9718
4341
6381
5037
8860
6272
8938
8471
6533
7464
4712
8599
8294
7650
9869
9818
8411
9264
9977
5327
7193
7607
7017
4950
1813
3648
8027
7552
866
9319
9960
9593
9292
6734
8033
8962
8220
9142
2574
9238
9563
9977
4702
3810
9792
9486
8716
9939
8192
6846
3868
8701
9401
8686
8333
9673
7603
3704
7848
8145
7402
8244
9727
9141
8987
8950
9256
9633
8101
9545
9628
5052
4809
9404
8495
7246
9212
6712
3195
6865
4822
7336
9184
6283
1344
5752
9725
6039
7964
8168
7287
9275
8819
5011
9819
7420
5664
6581
8659
9100
8962
9916
9952
6481
8978
6931
5246
9173
5605
8966
6718
9818
9384
8798
6783
6151
8299
8581
7391
1706
9253
7584
2255
5288
3282
7531
5178
9522
3913
5992
5638
6190
7069
7530
7798
9527
7704
8723
5481
8961
6280
7629
8050
7599
9124
6808
5671
9569
3725
9530
7324
9423
5806
2811
8646
8163
7281
8776
8617
8811
7763
9669
9305
7272
9983
6540
9249
9872
3082
8762
9730
8970
9863
7466
6424
6442
6213
5389
2491
6114
9333
9203
9835
3476
9927
5626
7777
7211
9895
4384
9471
9568
9106
9264
8516
8083
9808
7062
4041
8413
1968
9332
6655
9882
5275
7330
7464
9624
8842
3651
6958
7202
6640
9026
8523
9355
9473
5622
7006
8989
8422
5854
9981
9975
4917
5538
4310
6913
9733
7617
9766
2438
7558
6857
4962
9461
8850
8626
5571
6574
6575
6590
9265
9131
6904
5415
7051
3585
9446
8645
9648
9448
8260
7817
7978
5952
5450
7131
7615
9812
9181
8978
6202
8317
8979
9479
9519
5755
9745
9619
9440
8515
9422
9813
7741
1611
7859
9512
7502
9408
4340
9720
9238
5392
1926
7572
7734
8987
6067
2625
7028
3885
7605
9556
8644
8793
7209
9949
7621
6001
4996
8536
4793
9546
9577
4718
8240
8928
6654
6761
9990
9414
8302
1806
9995
9925
3137
8100
8442
9436
3379
9686
9815
9686
9503
9156
9806
8125
9442
5135
7778
9322
7484
7114
2765
9711
8848
8364
8523
6313
8831
9727
9698
6885
6135
7445
7591
9435
1281
2858
8868
3612
9375
9150
7536
7584
3252
8485
9783
9790
6766
8915
9989
6536
3790
9969
6016
6380
9882
9944
6888
6116
6978
6787
7034
4112
9690
7446
3156
8488
8461
9119
6163
5184
8201
6534
7955
9814
9090
9992
9930
9508
9996
9665
4205
8824
3397
8734
9969
7524
6246
5173
9555
9799
9863
4702
9923
7978
8620
9173
6797
9004
8475
9248
9656
7848
7278
7889
5192
9685
8853
9001
9619
8785
9573
5818
7324
5864
8794
7436
8180
5232
4107
6092
8037
6737
9043
8991
7753
5104
9983
8636
9811
7167
9936
3350
2029
8411
5214
9346
5147
8520
7515
4547
3871
8693
9143
6969
9174
8974
2875
8907
6059
7749
2004
8200
5803
7159
9005
6528
8768
9073
6594
3136
8038
9075
3172
9550
5217
7820
8539
5610
6426
9617
8542
5974
8831
1818
3976
5597
8252
6313
7632
9059
6096
9299
2245
7542
8968
253
7615
3516
9435
4586
8710
9337
9256
6230
9934
8076
8299
10000
9385
8223
3863
6157
9326
7130
6886
8966
5816
7149
9495
9726
5364
9799
8947
3647
7944
8443
9933
9439
8668
8779
6608
9109
1209
8794
8920
7397
6287
9169
8718
6805
8413
9836
9822
7321
7225
9961
6236
7555
9755
5898
7971
9055
9796
5762
8757
9059
9964
9275
9364
7218
9263
9545
9828
3942
9809
4939
9075
4569
9628
6658
9984
9471
9884
6911
8409
9979
7868
5759
7675
8031
5913
9993
7297
7703
6232
6209
1462
8621
7788
2588
9105
9801
5046
6922
5950
8885
2000
9017
9871
7229
9172
3228
7976
9757
5185
8463
6385
8754
9419
6651
6567
1803
6190
6431
7429
4826
9086
4641
9750
9392
9360
8001
9729
9973
8862
9765
9581
9510
6861
7789
9743
9349
9967
7521
7842
3993
5825
8796
4293
9825
7921
8693
4963
7135
8932
2950
7757
8173
7209
4666
7896
8914
9023
7857
8559
5623
9033
5993
6529
8637
4620
9669
9802
9289
7188
3604
7399
7067
2725
4795
3766
6313
8764
8301
9364
4505
7432
4857
1404
9575
3473
9762
5495
8561
9860
9042
2584
5018
7004
9128
8617
3228
8308
3312
6835
8286
7390
5963
9580
4049
6150
6993
9789
8633
7639
8801
8544
5295
7364
4488
6671
6551
6397
7514
8403
3830
9839
7596
8450
9223
8056
6241
8112
4605
9937
6867
9351
9481
9886
6212
8842
7256
8549
8271
9279
3005
7956
7739
9883
9691
5245
7930
9509
7326
983
7739
7984
7636
5151
6380
5809
9793
7433
7998
9656
6066
9970
7653
8472
9132
9967
4200
7247
9887
4780
9725
4999
7013
9810
6824
5053
6792
2909
9462
7633
9510
9620
3843
5716
6925
7289
4561
9905
4180
5356
9687
7564
9094
9890
9973
5712
9804
7699
4375
8756
4758
1944
8169
6578
8787
1463
7902
8866
9932
3949
3532
7590
9936
9776
7078
7010
9730
8010
7707
9817
1901
8076
3639
2124
9669
9626
6623
7570
9688
6559
8035
8773
8137
9327
7372
3420
9781
8849
9714
6120
8497
4127
9108
1469
8936
3490
9823
8293
9922
7980
7191
5026
7343
8317
9305
9268
9929
7948
6591
6659
9882
9405
9937
9072
9251
5363
9581
8516
7806
8623
4664
2580
9629
6111
4441
9209
5043
7106
3490
9955
9982
7378
9708
9681
9488
8351
5115
9078
9530
8201
8593
4270
9201
6458
9474
7432
9623
7700
3358
8840
2932
5662
8047
9379
9575
4378
9732
6205
5785
6085
5909
5667
7647
9992
2682
9130
1039
4209
2199
3173
8481
8077
5630
2224
2233
9581
5446
4625
7437
2803
9819
8987
6667
9233
8783
7291
9244
7375
8959
3286
7949
8764
9929
5877
8758
5225
5320
7496
9420
5280
9175
7972
7608
8917
9840
5346
6676
2398
9657
6256
3993
8397
4477
8899
3804
5038
9973
5545
5420
8521
5717
8933
9632
9274
6672
6071
9121
8774
9303
9995
7340
8729
8268
9564
7811
8043
9870
9170
3940
9811
3424
8018
8015
9383
9682
9423
9838
5820
6821
7523
8164
8182
9202
9038
9388
7118
4680
7675
8724
4199
8733
6604
3888
1406
9378
7090
8015
7796
9832
8324
6085
8871
9676
9891
7710
9130
8795
9638
7706
8285
4044
9154
9175
4812
6002
9153
7793
9516
9997
5150
3445
5213
7452
4951
9269
7243
9882
9865
1880
5373
8923
9263
9607
7749
8097
8248
6309
9115
6787
9599
4543
9880
8684
6886
9712
7142
9989
6725
9570
8499
8383
9939
7722
1616
9955
7915
3987
4765
2388
8372
1553
9368
7566
7883
7986
9142
8148
8223
9690
6399
8400
6400
7687
5484
9744
3512
1849
9882
8770
9206
9738
8562
6352
9630
9222
7579
9129
7594
8201
8702
3973
9771
8944
8882
8230
8732
5748
6942
9335
7887
8434
9387
7122
9720
1539
6468
4137
7144
7088
8978
9295
5474
8555
9626
7025
9264
9659
3070
7487
2586
5914
9299
3851
9977
9822
8871
6830
6847
9171
8276
9871
3169
8973
8689
9652
3060
9054
9982
5003
4455
3773
3144
8406
7215
9982
9844
5095
4272
8603
8031
5088
4811
8646
8403
8799
7882
8821
6231
8425
8358
9620
9302
6458
8428
1903
9158
7552
8323
9514
5325
9533
9198
8832
6133
6097
3800
8789
3799
3020
8231
7888
9922
8597
9034
5826
3424
5698
8748
6226
9598
9431
8520
9883
6393
5081
4027
4140
8520
9750
4658
3178
8009
7579
4044
7877
7302
9559
9682
8810
7209
7890
7648
3992
9221
6074
8489
5117
9335
8268
2301
8619
9462
9478
9957
4733
2620
2444
9236
6208
6721
9783
2160
9399
6635
8483
9028
7424
9381
9348
5242
7957
8791
8963
4515
5622
8471
8456
7530
7312
7890
8992
7303
3770
9570
9942
8060
7619
9226
2252
3710
9739
9920
7169
8292
3898
9982
2408
8543
4680
6893
3914
9879
9367
9407
8534
9704
7225
8935
7523
8747
9931
7884
8709
6271
8130
8880
9507
3997
6997
7414
9397
8529
6409
9904
4483
8938
6873
8720
4767
1698
6713
6245
5246
6335
9735
5418
7486
9227
9881
7338
7818
2626
9272
9918
8114
5542
9137
4812
9691
8016
8001
8243
4630
8203
9602
2195
9114
9753
9969
7686
6734
8329
2287
7973
9430
7903
8822
5965
7459
8982
5415
8618
8459
5256
3567
4890
4199
8248
9854
5881
1218
5813
5899
9718
9978
6331
8899
9869
9760
3229
9710
4006
8773
7858
7437
6651
2232
8410
9532
5841
7724
9929
6459
9072
6111
960
9304
8554
1659
8639
6018
8769
8747
8881
5767
5788
6787
3187
4283
9214
9655
3798
5018
7610
5781
9988
8373
9892
9777
4863
9981
9648
5206
8571
9058
9384
9696
7117
9738
7439
7672
7010
9019
9460
3192
3442
6927
1740
6386
5096
4589
4133
9749
8840
7438
6613
9313
3540
8570
8040
6427
6155
4971
2632
7687
9883
9336
8448
7045
8014
5048
3726
8725
1646
8527
9467
8565
2876
8991
9818
5665
5182
9998
8442
8622
8773
8791
4761
9456
8986
8600
5355
8850
9730
8017
6064
7140
4571
9094
8491
9915
9482
8166
3568
9173
8727
9721
5453
4841
8827
8440
7554
9396
7093
7290
7387
7193
6723
9715
8980
9640
5965
9860
9366
6179
8084
4635
6378
7357
9914
5285
6938
9961
9423
6103
4505
8503
9968
9904
6285
7704
8320
6338
9603
9690
9847
2766
9486
5619
3591
4702
8029
9944
8471
7613
8714
9261
8617
9340
9473
7717
9945
8539
7272
8868
9714
9951
9845
9330
8440
3181
9797
2176
2975
5939
9629
6823
9993
8608
9690
6959
5464
4339
9802
9611
5788
7146
9882
8579
8641
6419
7404
4844
9614
8697
9302
7553
9971
9883
7709
9796
8099
8507
7867
7855
5353
9124
6726
9656
8482
8865
8727
9872
7938
5635
8834
9339
9491
4976
5244
9677
9574
9461
9939
6501
9290
6640
9994
8543
9969
8877
9958
9792
8772
9410
9402
8170
9482
3231
3911
9613
9251
9782
2161
9646
9626
6040
8383
9727
7946
5679
9674
3044
9150
1595
7308
5499
6465
3181
9639
7732
8542
7628
8398
9246
9886
9188
7668
651
6998
3190
7826
7843
6825
9077
4076
8470
9450
5635
9927
7192
7252
6412
9184
9869
8988
8019
4865
9266
9323
5178
3729
8177
9793
4481
6340
9800
9809
4995
9742
8856
9962
8189
9596
5402
7399
8889
9799
8242
9405
2437
6396
4118
9692
6086
2997
2748
6370
6123
4665
5136
7948
9107
9814
1125
4229
9626
6932
9147
4779
8986
9771
2779
9975
5104
4999
7161
8076
6783
7071
4789
7021
8525
9461
6719
9905
9421
9776
4079
9821
8893
8388
8344
7837
6105
5693
8269
8753
9203
7484
9871
9805
9000
5727
7160
7981
9482
9185
5993
6138
9370
2251
8854
5221
9502
5103
9898
8974
8890
9746
7061
8340
8108
4799
3812
9376
6513
4697
7139
9346
4400
9876
9174
8583
5475
9616
9748
9886
9150
6324
6980
9924
8947
5142
8005
9898
7755
7303
9435
8101
6405
8961
9897
8275
9302
3060
5869
8250
9180
8714
6219
9720
7697
9966
8462
8005
3892
9926
6701
8233
9700
9033
9624
8592
9379
8912
8530
4643
7072
3406
8836
7075
9682
7104
9962
7124
5490
7139
4691
9788
8232
4631
7524
6833
4344
5479
9825
9954
7352
8728
8107
7472
7482
9355
3883
9685
1672
4225
3681
3098
6877
8940
9649
8584
5317
9136
9915
8776
9989
9554
9820
6181
8783
6167
2843
9279
3927
9099
3223
9357
5604
9363
9565
9373
7872
2986
3598
3982
5946
8800
8411
9986
8535
9883
7748
9324
9009
9420
7141
2350
9968
9965
7763
8905
7876
7262
7470
7212
7522
5898
9936
5058
8004
7807
7529
6129
7788
1223
6303
7171
7846
6654
8334
10000
3683
9060
9670
6768
8575
8791
6330
2142
5915
9187
9805
8820
5688
9944
9931
4442
8310
5181
4566
8443
5728
9901
9997
4781
8840
3376
7813
6203
9906
8224
4949
7248
6253
5860
933
7081
6813
8769
1887
6067
3194
8522
7675
7925
2934
9946
7753
9430
9312
8365
9964
4382
5032
9649
6370
7921
9894
8752
8038
7550
9140
9565
9505
3621
1283
9432
5054
9905
9343
8890
6766
8668
6213
7184
8631
9089
4483
8775
8318
4536
3128
9504
9118
7090
7843
1518
8691
9839
9043
9989
5413
9870
8355
6903
6280
6675
5246
8748
6614
3588
8694
7822
9594
8234
7218
8109
8666
3192
9082
9442
6947
1020
7682
9554
9584
2844
549
9594
8774
7443
8119
8821
9170
5824
8885
2790
8882
9231
9132
9337
8579
6940
8936
8067
7272
5649
9044
4195
7621
9053
7852
9496
4334
9064
4002
9835
9956
7802
9319
7608
9879
9022
6384
4799
9614
7807
7922
5323
8672
6470
9371
3893
7909
7587
7050
8980
10000
9209
9307
9222
9940
5053
7490
4622
7506
9751
7273
6270
8915
7158
2918
5903
7715
8902
6599
7945
5294
9847
5229
9610
9803
2149
4877
7063
9753
3097
3914
9287
9461
9618
9024
8741
9427
4214
5055
3997
2540
7197
6997
8984
9061
6590
9998
5734
9893
7410
9974
7542
8258
8874
9430
5641
7929
7844
8699
9558
2412
7051
7724
8513
9187
3536
8965
8534
9378
9426
9876
7475
9306
2199
9361
9979
9280
9978
9870
9858
9702
2568
10000
7672
9742
8232
8556
9949
9909
9712
9151
6508
7592
9512
4508
5291
9815
9346
7239
9800
7260
8258
2326
9919
9954
8580
7734
8328
9370
7931
7935
3649
7709
8692
7845
8535
8783
4346
5796
8174
9998
8569
7988
4748
6116
5232
2311
7731
9436
6165
1424
5025
4751
5725
8845
9201
2856
7803
9845
2769
4830
8502
8565
6988
4787
4291
7012
5577
8987
8814
9177
9263
8854
6874
3691
9391
8072
9246
6038
7033
9731
7937
6744
5185
8292
8670
9552
9308
2819
5865
3719
7982
1888
9057
3877
8618
9572
7764
8146
8340
5244
9848
6490
8166
7873
9809
7561
5574
6625
6598
8925
7714
5551
9827
6932
9853
1695
2610
9684
9606
7786
2683
2160
6972
3986
9992
2383
8648
9749
3541
5303
4474
7831
9495
3756
7881
3976
7101
6951
3094
6645
4844
9845
7625
891
7944
9247
7505
9783
1479
9684
8069
9143
9877
6575
9320
8479
3689
6110
6598
1805
4775
7388
9555
8762
7513
9746
1822
8833
4304
3641
5351
5522
9847
5057
9629
6712
7550
1644
3042
8442
9340
6058
9862
8342
3262
8739
9676
7918
7748
9550
9754
9561
8975
7015
6504
6333
9469
9507
7553
2903
9300
5556
4496
9920
6014
9720
9978
3952
7856
7334
5204
9682
9965
9209
9320
7118
6053
9015
5604
4277
6978
4691
3342
4269
9509
9886
9680
5840
8320
5470
9449
9604
7577
6803
7070
7384
9840
8924
2421
7653
8621
5875
6990
9219
8729
8855
8468
9917
6623
9841
8912
9756
9802
7349
5022
9294
9330
9867
7059
9107
9732
4237
9303
9707
8670
9168
9464
9328
9738
7196
9950
5549
9650
5629
5908
9023
9034
7168
4502
6196
7731
4764
7703
7079
9602
5885
6780
8387
8341
9933
9981
8253
9928
1762
5405
9700
8189
2595
9069
4020
8587
9915
4936
5311
8645
9117
5232
4660
9141
9247
9903
9508
7804
2443
2900
4717
3513
3515
6779
7257
8416
7656
4398
7984
8532
7310
5870
4412
9215
9976
9869
9860
4203
8609
9744
9704
7608
9189
3384
7532
9694
6837
6853
351
9767
8430
9939
5169
7304
9961
4009
9464
8964
9929
3467
6749
5970
8747
8222
4259
7303
8890
8293
3065
9168
8914
6971
5694
4843
8795
1209
9579
3896
9694
8614
5864
8965
6968
8373
7258
9956
5757
5774
8332
8678
7518
5735
5740
2710
9057
6082
7184
9496
6150
9605
9607
2194
9933
9234
7561
9896
9976
4445
8644
9861
7919
6330
1804
9418
6827
7469
8094
7455
8880
8862
9146
8734
7466
1837
9287
8003
8976
7029
9918
9704
2914
6673
6123
5228
2397
8961
8885
6761
8703
8583
6514
9487
8185
7546
2466
7016
6163
9799
9779
8015
9752
5352
8967
7745
9574
8933
6558
6958
2202
8106
7026
7931
5145
3564
8416
8747
9096
8542
9722
5147
4151
9167
8306
5504
8543
4523
7862
9571
6957
5578
7948
9528
8098
9486
9584
9101
9997
8679
8235
9060
6625
8971
2854
9121
8579
4445
9889
7974
3368
9077
6261
9858
3579
5967
9430
8284
4417
5563
8319
6058
7268
9969
9927
7327
8140
7142
8703
7747
9777
9383
3680
8002
9007
8679
8788
7794
6232
6823
7716
9565
4736
9463
6732
9655
9587
4378
3293
7701
8546
8428
9746
9455
6447
8953
2825
5906
8858
9834
9102
9629
5781
9457
9820
9331
6721
3485
4015
5170
6143
8711
9914
9760
8435
8962
5640
9731
9296
9061
7581
5831
9823
5909
9262
5467
6457
4903
6292
8262
9462
8302
9480
9797
6579
9733
7170
3480
9732
8000
5771
6057
7559
8781
8986
9925
7535
8391
2385
9019
5367
9638
8166
9203
8038
9623
9712
4154
4283
5592
6143
9381
4898
6220
7358
9910
5098
8159
9645
9842
9310
9950
6512
86
8841
7296
7417
7184
4688
6665
4062
7020
7686
9927
9367
9788
7778
9637
8040
9951
6850
9830
5206
6708
8937
8753
9363
2988
9872
8708
2890
9141
2109
7664
9748
6856
4331
9562
9438
9679
8461
9918
9500
9211
8726
8061
6876
8756
9954
9312
9833
7803
4500
8172
7842
8928
7819
7481
9772
9275
8369
9032
5797
6284
6326
8152
2062
8662
7090
7650
9349
9962
6749
8336
3222
5167
9612
6199
2057
8945
7864
4993
8132
9707
1996
6202
8707
9790
5876
7611
6042
9809
2511
9806
4598
2762
9628
2322
8454
2083
9898
3364
2466
7936
9862
8264
9227
1498
8953
7168
8586
4430
9840
8273
9831
5577
6450
8289
5491
9118
7352
8578
8522
7721
9177
3813
7101
1688
7724
3640
8909
9824
9175
2843
8931
9931
7893
8908
8722
8521
6630
9088
5898
9569
9997
9800
8957
3885
6700
7141
7504
9218
8218
3087
9089
5643
8161
9133
7863
9459
3838
9709
6145
9702
6966
9065
8183
8632
5426
5007
6832
6656
7505
8805
6094
4060
4256
9911
7853
8641
8747
6685
5296
9121
9584
7765
6513
8078
9319
9959
4781
6113
8396
8750
5496
5314
8587
9849
9947
9781
9805
8492
7707
6718
8064
3855
8726
3550
8147
8812
6400
6675
2068
4984
8309
9102
9610
9670
6666
5311
9599
5553
9759
8911
5740
4723
3276
6849
9431
9875
8077
6167
8198
5811
3982
9840
9216
6295
8908
9808
8353
8711
9799
4234
9934
9134
692
9527
5453
9867
6238
7909
9630
1198
4445
8347
6020
5165
8128
8113
6952
7888
4670
5880
8102
8806
9945
6547
4729
8562
6402
9107
8252
8984
5964
8181
8638
8980
9275
5103
3238
9950
8726
9438
6459
6367
9974
8421
6042
9497
8950
2537
5506
9329
2828
9171
9904
6805
8937
8931
9793
9678
6822
7907
9535
8777
5093
9299
8279
9960
2993
5883
9753
7195
8259
5148
4568
4894
6638
7078
5927
7684
7981
6883
9796
8859
8579
9843
7403
8261
7243
9937
6040
9332
6460
2651
8878
7457
9689
6619
9508
7651
2184
9866
6697
1400
9667
6198
8139
9147
6194
7856
9925
9722
9996
3460
9491
9017
1056
9532
7153
9110
1693
6504
2572
9236
8101
9925
9882
9869
9994
7803
7176
9882
9523
9825
9753
9884
6088
8913
8420
5833
6459
9870
2698
9950
7195
9453
6335
9994
9082
9527
3537
9152
4801
9924
7580
1492
6201
9079
8751
6687
6099
9061
9780
9875
8225
906
6144
9964
8110
8677
7502
2330
9641
4354
5360
3320
8270
5993
8877
8971
8852
4410
9957
2255
4665
9934
2892
6929
4882
7410
3601
9715
7011
9615
7814
4312
6693
7835
7156
9939
1326
4243
5238
9797
6166
4420
6469
4237
8749
8516
8811
7603
9956
7845
6855
8796
7713
9951
6086
9158
5939
5760
9006
4827
9897
6215
6585
9468
9805
6668
9451
6720
8784
9157
7805
9133
3940
9502
8202
8716
5320
7330
8309
9741
7487
9100
9584
3555
4837
9416
9452
4143
9575
2903
7001
8309
9944
6622
5235
7181
4980
8335
6701
8703
3198
3715
8830
6920
8610
9318
9961
9697
7554
9515
1707
8783
5473
8010
7938
9904
2333
9778
8378
8921
7824
6299
9661
8115
7234
7899
6344
1859
7391
9833
1630
9496
8922
9535
7218
9466
4756
2929
9604
8056
7503
8598
9502
9370
6360
5386
5363
9697
8855
9734
9680
7528
4820
9729
6531
9795
5934
6444
9685
6937
8923
9528
9587
7970
8953
4995
6157
9490
8916
8717
7232
1744
7073
6564
6623
2255
9845
5161
6192
9986
8403
7938
7243
8165
8668
9194
7098
2762
8697
3173
5457
7811
8824
9700
7739
8294
3310
6209
2796
9859
9275
5547
6009
6354
9175
9140
9434
2318
9793
7572
7574
6699
2174
9917
8705
9778
9504
8513
8030
8219
7089
8531
7355
6471
9862
9975
9557
9429
9072
8020
9081
9941
2632
9979
9700
9962
4292
9214
9680
9986
3613
9655
4497
7129
9412
7051
8596
9971
9792
9501
8346
9042
9974
7323
9768
8873
6963
5056
9324
4135
9253
7512
8711
7571
2218
8210
7454
6765
8910
7086
3457
9856
9243
5943
9596
9431
9078
9631
8599
4422
8344
8855
9707
3651
7607
8774
9138
7226
9841
8380
8539
6554
4154
6047
4396
9213
9202
4835
9906
9922
6660
8390
5271
8665
9316
9297
8755
6621
8244
6927
5578
5449
9746
8304
9152
9961
4021
9873
9322
5070
5332
6998
8227
7549
4884
8168
9355
9989
3450
4495
4052
9249
7928
4505
9806
5873
9489
3502
9650
9296
9648
6948
4299
7152
8848
7247
7688
7737
5484
9916
8828
8360
8028
9756
8673
3544
8523
9672
9730
7423
6846
6530
8584
9351
1621
6885
7451
9368
6134
9247
7647
9310
6342
9518
7286
6008
6545
7010
9940
5000
9520
8030
9138
8322
7674
6613
8384
9134
8891
4281
5186
6398
9009
9973
5984
8721
8633
7031
4564
9874
8432
7659
9905
7598
3506
9794
8427
9890
8363
2711
4843
8740
9245
9952
8600
4337
5969
9960
7668
6195
3004
7377
9266
8975
9539
6543
9771
9905
5523
8763
9179
7586
7729
7748
9994
2453
9134
5626
8309
3733
8344
8235
4529
8577
4017
600
4919
7386
6822
9439
7284
9523
7465
9967
7356
9740
5672
9817
7753
2646
5452
8898
4310
7083
5602
5083
9641
9711
5321
6942
4909
8038
9776
6477
7965
9013
9071
9936
9878
8606
6608
8552
8523
7043
3597
9834
9347
3259
6890
4252
7333
7671
4621
6622
7352
8313
9471
4307
7138
9708
5956
6849
9465
9200
9632
8512
9921
5760
4206
8889
7091
8794
9664
6500
3750
9056
9653
9951
7405
3660
9939
5527
9247
8965
5487
4561
6096
7026
7665
1260
8890
9782
8972
5025
9979
3107
9671
9728
9133
4348
4569
9675
2226
6939
8560
9819
9861
9919
9564
9876
7333
8807
7221
1441
7927
9196
4475
5808
9701
9641
6044
9565
9080
8042
9575
9245
8716
7239
9147
8952
8603
4650
9002
4367
5498
8988
9732
8730
8134
4355
9246
3856
6045
9826
7568
5142
9939
9976
5464
4610
9756
6779
8907
9687
9384
9576
4729
1597
8036
2739
3553
8426
8982
9982
6916
3444
9282
8935
8548
3221
9684
3270
9986
1878
4103
7783
8645
8289
9610
6881
9942
7781
4923
7224
5606
4660
9729
7994
6857
9996
9296
7447
9631
9891
9681
9773
6839
9314
4624
7249
8288
9789
1865
4513
8160
8241
7123
8238
9697
9649
8396
5157
3945
8789
8762
9127
9522
9984
7537
7408
9015
6509
9008
9913
8937
9292
9966
3860
3803
8302
9794
9881
6549
7488
7983
7291
6175
9605
5950
5814
9693
9903
5392
9269
8795
5867
3536
9391
8172
9705
9097
8412
9447
6250
1961
9877
6643
8432
5687
2649
7568
8395
9182
7577
5332
7521
6469
4446
6103
9077
9613
8370
9178
9668
6016
9289
9993
8504
6219
9413
9203
8152
8040
8630
9733
622
7847
9372
3241
8893
9995
9834
9769
2717
1433
7775
9965
9771
9336
9567
5642
8746
9425
8161
9428
3807
8700
8267
6394
5070
7559
9915
9563
4165
9795
5002
9678
8628
7166
8604
2835
9983
7668
3387
9880
8638
6015
8236
8441
3381
8817
9763
9211
9989
9785
8359
6270
8791
7448
9492
8328
8605
7309
9635
9034
9627
7653
6364
8978
6716
8563
8605
8681
8639
8593
3230
7209
8020
9073
8529
4094
7466
7493
5346
7167
9947
3492
9969
8996
5005
5853
7063
5754
5894
6998
7150
7841
9895
7566
6127
3791
6179
7227
3480
5761
6610
9181
4787
8726
8101
7608
8974
9650
9760
7832
4142
5997
8594
9812
7664
6819
7418
6359
6093
6417
8033
8621
2958
7424
9592
6693
9929
8902
8881
9748
6618
9836
6554
2823
3173
8367
3393
9915
9580
9091
9991
9981
9988
779
8841
5544
9872
5917
2239
8239
9328
8158
9807
8688
4045
8355
9436
9458
9333
9866
6614
8590
5537
4290
3281
8034
8990
9989
9781
4087
4015
9080
7362
8963
8379
9769
8793
9433
9071
9364
9355
7381
7911
6457
7301
4273
9108
8903
9577
7742
5892
9997
4799
9922
5272
2820
9801
4665
6217
3670
3382
4151
5199
7355
9275
9834
8831
9484
9717
9906
4851
3851
9973
9519
9146
2424
9344
7818
4256
2643
9973
9644
9789
9050
8078
8574
8154
3178
5664
6000
3891
6005
7341
9888
9620
5713
4874
7943
5782
8809
5945
9666
9661
3739
9992
8206
6847
5618
8194
8754
8996
8249
2807
5763
9625
3904
8850
4214
6637
5214
6144
2916
8384
4978
4130
8643
9372
8968
8971
8121
8477
7058
7059
6617
8934
8779
9773
9830
6786
3396
8011
3891
7976
6059
8423
6752
3483
9841
8046
8479
8724
3278
7831
9036
9719
8561
9939
9911
9833
9642
9982
6866
2972
7275
7035
9863
9951
9869
6936
7153
9883
9538
7277
9750
6376
8447
9863
7895
9380
4383
9582
9249
9676
9395
8597
5297
9772
4285
7772
7725
1189
3285
1522
6691
7079
9707
8394
8392
3908
5320
8926
6182
9675
9731
7882
9799
9544
4391
9751
9494
4666
6477
9725
9182
9366
5641
4235
8369
7724
9286
8998
8297
9554
9388
2892
8181
2342
7818
7575
7351
9170
8747
8629
9108
9362
8634
8737
7544
7028
9964
8403
9543
3156
9363
5315
7166
2914
9398
4843
2896
9136
8254
9247
5983
9203
9263
5444
6222
8782
8806
9164
6978
8631
9367
5798
4788
9959
9552
8457
6917
9218
4183
3207
7786
8635
8301
9383
6709
3398
9913
5912
7288
9474
9810
4980
9659
8144
9630
9439
9763
8027
5246
8003
9908
9188
9205
9968
7053
7159
8320
8727
8930
9496
6098
9126
6028
9968
1142
9391
9495
9299
9184
8868
8328
9780
7239
9975
9545
3289
8163
5377
9022
8250
7407
9720
9132
9961
9012
6516
8412
6784
8561
9835
9699
6909
8501
7421
4266
9482
7954
8792
6193
9976
8144
5656
9738
2434
8526
6812
9775
2283
8412
9967
4257
6382
7887
5398
8686
4313
9619
9800
8888
3708
9878
9683
9129
4895
9545
9993
8362
9305
8091
9980
4025
3422
8895
8618
9996
9277
9645
6133
8259
6748
7376
6605
5641
9987
9985
8808
5804
7306
8164
9870
6910
6360
9410
9990
3307
8296
7207
4746
5239
9620
6794
9999
5979
6610
4698
9345
5920
7684
8668
6666
6747
5966
8408
9501
6361
3681
6535
6889
4457
9861
8843
2145
5736
9178
5754
7943
9458
9836
6074
8468
9994
6665
2484
7692
7368
6542
4733
8856
9241
7460
8988
5344
7640
6873
9989
3045
7141
5380
9781
7116
9497
9581
2977
7965
4505
9914
8854
7515
5021
9991
7272
2529
3227
7233
2827
4244
7643
9965
3271
9163
9234
8719
9180
8386
6953
8376
9834
9030
10000
6270
9622
7115
9970
9709
9515
9340
9928
9979
8641
4127
7031
8690
9578
9927
9974
8871
2735
9013
7801
4531
6585
8281
9994
8071
8898
7133
6186
8859
3073
9386
9762
8336
7300
1019
7607
8363
8065
1502
7393
9419
932
9982
6109
8762
7986
9977
9058
6855
8461
6583
2514
5677
7058
8641
5022
8829
8140
5334
9865
9841
2178
7592
9149
9017
9002
7533
3482
6259
9245
8657
9667
3260
9933
6682
9725
9839
9929
9342
8652
5894
7706
4268
3587
6097
7887
8414
382
9712
9934
7574
7234
9444
8986
6811
6092
8380
7484
9034
8790
8455
7837
8381
4340
8728
9706
6373
5943
8149
9481
7307
5989
5917
9956
8997
9737
9523
7128
5737
8621
7642
7018
6018
8316
4015
8377
9453
8214
7895
6843
9752
8388
8178
9763
8927
6800
8723
9927
7786
7772
9921
7421
2888
7025
9937
2685
4088
7015
9972
7765
9831
9248
4201
1939
9134
9255
5291
9142
7911
9951
8292
6526
2498
9019
8157
9794
7760
5019
5894
2009
8028
9706
3928
8925
7118
7861
9418
9330
9838
6096
9888
7111
9577
9096
7891
8342
9367
7760
5997
4188
9966
8918
8060
9551
9736
2232
7945
5702
5273
9280
9735
880
9473
7008
5108
7662
6690
8410
6135
8981
9952
5424
5142
6146
1859
8899
9019
8569
8642
9804
2000
7041
7495
9143
9913
7372
7983
3039
9156
4465
7532
6679
6995
9909
1043
5767
8516
9863
9559
9509
8467
9464
8772
6407
9861
3906
9171
4745
3432
8463
6128
8034
9757
7519
8190
4768
9188
9566
7841
5715
9346
5567
7367
9306
9853
7919
9572
6244
9793
9566
8103
4644
7602
1487
9080
7544
9703
8371
7673
9960
4781
7061
9967
9168
8423
6962
8334
6029
2989
9665
9959
5879
8119
7891
9461
8718
8631
5594
6330
9206
6385
7393
9549
2455
8807
5591
4999
9859
9807
8995
9136
2060
5738
9675
8085
8590
7057
4496
9085
8780
9564
7685
7403
4493
8803
9987
9102
4091
8044
6468
5559
9293
7077
3966
9965
4739
8707
8370
7994
6476
2782
9977
7421
3163
955
9691
6589
4902
7975
9315
9649
7634
8793
7563
1721
6051
9763
9032
9904
9759
9903
7482
9996
4531
7992
7820
8629
9040
9188
8336
9166
6096
5469
3011
4457
5821
7695
4405
9918
8579
6334
4629
1870
4635
8285
6947
3962
9667
7618
6919
4101
9986
9974
8643
9091
9365
7076
5304
5249
6353
8336
8122
4681
9316
4939
1608
6548
9422
4879
7012
9888
4961
4662
9735
9798
9934
5912
3171
7873
7375
2749
8269
9263
6345
7892
7761
5097
9182
7768
3530
9375
9428
7525
5878
4460
8508
6242
5039
8755
8983
9318
9699
7076
8249
9575
6117
7168
3822
8339
9860
8321
9562
6364
7271
6624
9774
9329
9195
9710
3233
7987
8757
5858
9993
9996
9965
9863
6304
8609
8347
7103
8728
6248
9030
9898
9329
9841
9185
6742
6767
9700
6627
7771
6720
8370
7215
7882
8570
8277
8170
9670
4988
7606
7023
5977
1426
6598
5802
8780
7438
4478
9816
8487
8848
7538
9989
5212
9566
8253
7528
7114
9145
8866
9106
6091
9436
7199
3943
7927
4066
8366
9849
7364
8578
9404
9012
3843
8966
9457
9417
9169
6687
9711
8545
7273
6304
7721
9024
8998
2843
9854
8748
7773
8763
3601
6490
4786
7675
7687
7135
9068
8008
9985
9861
9096
6096
9660
3358
6835
5575
9957
7103
9645
9500
6613
8103
6503
9943
9736
9564
9149
3496
9410
9838
6763
9849
7560
8759
9351
9052
9189
2728
7178
9004
5400
5548
7591
3742
1115
9902
8810
9952
8734
6581
9762
2816
8434
8725
8154
7352
6004
9778
5748
8823
8219
8361
10000
5242
6117
9889
9287
6897
9210
8053
3256
4563
6908
7172
9749
9928
8825
9886
9806
9933
7907
4465
8071
9279
9131
9425
6109
3766
7058
5877
9892
5910
8600
9932
6514
7539
9849
5463
4595
9307
8694
3383
9643
3554
9819
7856
8586
2043
4939
7440
7506
4405
6259
4691
8748
8191
9820
9968
8314
8789
8433
9987
6781
1684
8105
4509
9274
7252
9564
9074
5907
9167
7340
9328
9591
7759
6528
7685
9990
5439
9146
3801
6305
5806
9383
4449
5337
9267
8644
9270
2964
2686
6700
8602
9724
9101
9822
3976
9693
9394
3917
7953
9880
6381
9638
6695
5305
9295
9550
4386
7459
2330
6874
7299
8842
6427
8403
9859
4629
9533
8262
7660
7349
7578
9968
8848
7024
2922
5781
8843
8787
8442
9784
4257
8072
8926
9145
3657
3661
9899
8565
2253
8695
7928
5904
7399
6974
4652
6704
5835
5327
8100
5622
9141
8100
5753
4095
4024
9184
7535
6777
9059
4785
5222
9894
8861
9951
7042
5786
7664
9166
8957
5699
6853
6978
6324
5014
9446
5203
8584
9385
8961
9144
8787
6754
8379
6503
7032
2294
9422
8376
746
4561
8624
7148
5472
6708
8753
9978
7127
2020
9897
5120
8334
9487
9613
4960
8141
9784
7605
7144
7882
8066
2885
5374
9923
7363
6691
9273
8741
8663
8144
9355
2925
7178
8644
7369
6334
5604
5271
4017
5229
8289
3965
9746
7800
6976
8875
9385
7841
7888
8823
7817
6002
8891
2240
6110
5162
7738
9917
9056
3159
6304
8367
7226
5072
7241
9337
5539
6943
8650
5156
3973
7708
9810
3064
7764
8712
5508
9126
8915
8415
2298
7223
6970
9824
8233
7273
7098
7192
7218
5673
9892
9985
9801
9189
8189
6604
8654
8989
8801
9885
5324
6229
9510
3366
1395
8568
9113
9578
3365
6352
9787
9059
4129
8246
8978
5958
4862
7455
3676
9823
8965
3840
7105
6603
9329
7163
7721
3855
9550
4805
9533
7783
6525
9768
6721
9721
6197
3829
9743
1846
8324
9625
9972
9467
9174
9254
7429
7851
7815
9625
9763
8080
9895
9846
2844
8686
9454
2606
9018
4918
7262
5821
4976
5759
9915
9960
8992
3715
9426
9417
3732
8921
9286
1651
9636
5306
5483
6813
7395
8208
8634
9566
7978
3129
6732
4054
8795
6814
9715
5780
7609
9868
8966
6916
7353
9743
1813
7884
2924
9724
2906
4313
7957
4592
9735
9344
9787
8273
5948
5529
8993
7169
9841
8370
8911
7742
7780
9193
7204
5886
6599
9275
9054
9920
9099
5105
4349
3545
8298
9685
6698
9799
9551
9456
9824
7978
6267
9497
7806
9309
9830
8393
8629
4401
6900
6873
5965
9504
7823
6445
6211
6885
4193
9590
7933
5785
8479
2801
9217
8757
9023
4311
9067
4584
5663
6386
8713
9556
6999
8058
8829
7649
9955
9518
9228
9022
6832
9813
7800
8894
6463
2530
9814
7453
4192
8359
8076
8142
7946
8476
9218
7911
6528
4785
9904
9670
8254
8958
4957
5225
7212
9330
5843
1796
8562
8085
5422
8572
4294
6074
3052
8955
9289
9590
6142
8340
7412
8038
9918
9744
5625
9111
8132
5060
9100
2687
4720
9675
8211
2427
5555
10000
7762
9686
8404
1104
9850
9257
9173
9702
9842
4879
8730
8073
9772
7890
9694
4119
7089
7764
8282
4141
2542
4893
6291
2744
6585
8113
6532
8112
9922
9465
8961
5829
4304
1427
8124
5423
2538
8726
8498
8192
9866
8935
9710
9898
2397
9872
9034
7375
9014
9781
4802
8872
7603
9185
4034
7065
9113
8603
7328
9405
9836
7563
9190
7851
8410
9938
8825
2479
8468
8957
9358
9718
9916
3714
6715
7129
7720
8792
7942
9238
3127
9868
5375
8765
9950
3994
8996
5842
6020
9134
5836
8858
9287
2908
8979
1720
4731
9885
8401
1612
2280
9622
7863
9718
9709
10000
3475
7436
9913
7267
6050
6636
7406
5982
4756
5881
8294
9697
4960
4855
4093
4729
6916
7686
5320
9954
1027
8339
7505
8664
9034
8313
9240
9760
9025
8387
4619
7255
9439
6263
5553
9937
9546
9961
5187
9480
8425
6886
6499
5183
9924
7910
6220
5922
8074
9181
8047
9866
4677
8607
4406
9478
9698
5606
9950
8624
9392
8295
8246
9503
9830
8840
9839
9394
5488
9923
7130
9812
8856
2916
3397
5665
8480
7804
6636
6503
9213
9831
9514
5172
9368
5167
8372
4137
8383
7686
8955
9461
8725
6182
3871
7465
7413
9837
8958
5412
9104
8606
7704
9439
9809
9871
4690
9221
9885
3278
9532
9549
9505
9351
6899
9616
5698
6614
8618
6084
2521
5264
9424
6118
9481
3394
8340
5781
2343
6843
3175
9390
7527
6383
4494
9219
9340
9034
8579
9372
8210
9868
4814
3789
8159
9799
7572
9992
3045
7318
5629
5862
3194
7036
3314
9873
9489
9582
3669
5806
9929
3376
5347
7252
6278
4507
4153
8353
9086
6984
6689
9407
7513
5982
7026
4559
9436
8560
8319
6642
9868
9130
5086
9916
8884
8292
7027
9599
2601
3835
8846
9083
7266
9880
4769
8692
8432
6372
9331
7802
4210
8084
8861
9515
8131
6338
6804
7065
8225
9856
6453
6970
4129
2765
9450
9053
6237
8195
8329
9767
7814
9014
8883
7911
8708
6334
6334
9432
8580
8274
9454
7470
7732
2359
9912
9786
9443
9349
9928
9772
914
5869
6274
6295
9442
9081
9753
9766
9679
5619
8991
3844
6504
9712
3190
8385
9197
9041
9963
9861
6401
9653
3946
2249
8555
9770
4893
7000
4345
6184
9607
5132
5116
8215
997
7513
7384
9631
8345
7141
7382
7077
8832
9864
7542
8967
9650
8790
6597
4418
9610
7853
5577
9392
9619
9824
7053
4570
6446
7735
8838
5552
9559
8318
9742
8595
7091
8475
9078
9226
6904
7590
7881
9128
7921
3581
6892
4279
6141
5605
5820
5448
9553
8536
6786
9412
4641
9030
7176
3021
1176
1952
7425
8918
7414
7942
6334
7620
8240
5657
9567
8919
7811
6931
9745
9313
7800
8662
5001
8864
9293
9946
7605
8286
8106
7771
6176
6007
7827
9597
9467
9916
7014
9743
8457
8540
9146
9690
1912
3798
1410
9331
2438
9121
9817
9072
3499
7019
9659
3717
9102
6904
9995
9503
9196
8701
9070
9800
7226
9035
3782
9063
9780
9778
9113
8787
6302
9764
9577
6828
3407
3414
7164
8479
3323
6232
5508
9617
7827
1950
8626
3260
9487
9052
7257
9879
8332
9583
7473
6159
9251
9011
8639
7765
8814
3922
9471
9337
6657
5368
7314
8930
1465
9449
8465
9761
5959
8108
8764
9587
8145
9189
855
5358
6685
8462
9763
9977
4021
8964
6023
8499
5293
4945
7792
9925
9333
9533
6995
7229
7752
9636
9157
9717
6027
3323
7539
2367
9585
7374
8254
9859
1948
9216
9101
8633
3061
7729
9489
9176
9728
9660
6789
8610
4969
6705
7269
6537
8885
9239
8776
9996
6617
9715
5330
9081
9995
7035
4495
7383
9910
6026
6468
9413
8567
6057
9129
3391
3279
7017
9268
9282
3710
9998
9654
5129
5907
9690
9625
5511
9551
8979
4273
2165
9661
5110
4742
6109
6461
5426
7598
3130
2685
4373
6339
9585
8726
8173
9837
9908
8483
8813
9366
9616
9044
9470
9726
5910
9818
7243
4313
9637
8273
9846
8770
6146
7092
7215
9908
9737
9432
9020
8934
2794
9587
9971
6706
9956
8428
7679
3860
9311
9890
8213
2676
3234
9650
3437
9745
8629
5800
8392
1289
9964
5145
8806
8214
4138
8509
6102
7671
8935
5815
6430
9411
9215
5945
7459
8360
8980
8031
9818
9263
8795
9163
6534
6164
8256
8144
9548
9645
8430
2482
9743
9954
8272
9201
9341
5627
9978
7966
2267
9836
7451
8534
1845
5573
5487
9706
9513
9450
9952
4650
2510
9243
9240
5597
6629
9145
8682
8559
6931
8886
3694
8426
1793
9615
8209
2126
9666
7855
9815
8711
9445
728
8900
7074
9122
8852
9970
9975
6712
8086
6450
8198
8252
9937
9625
2457
7340
8416
8569
5237
9772
4975
9290
6177
899
7808
9429
5876
6982
9008
8826
9996
8299
9611
7444
6573
7048
8918
7097
7540
9655
9754
8739
9893
3342
7933
8009
8666
5099
9014
8767
8907
8416
3052
8155
8810
3760
9905
8707
9158
956
8710
8203
7761
3600
6699
5306
6402
3039
9125
7073
9954
8123
8210
8436
8692
9244
9913
8368
9863
9997
8100
5544
9235
2862
7618
4897
8857
8945
8666
8404
8669
7185
9070
9743
5082
8539
5851
9058
7255
9374
6492
6082
5657
8891
8593
9067
9823
5860
9536
5852
9649
4357
9458
4882
4554
7131
9855
9294
9765
6706
1039
3480
8900
7200
7632
7305
4738
8417
9353
8206
9921
1345
9640
4720
7668
4038
8303
7905
8706
4776
6533
4811
6705
6460
6032
8829
4356
9704
8429
9215
9517
6883
9969
8357
3222
7705
1961
8760
9123
9684
9903
7633
9771
3173
8686
8512
7467
7177
9423
8991
9612
6180
7202
8129
9440
8011
7767
9818
6731
8829
9729
9590
8151
9563
7073
6835
4477
8899
9917
7041
8158
3943
5917
9716
5602
6731
849
6964
6091
9822
4488
8230
4625
9498
7959
3642
9474
3663
9356
3879
9693
4063
5964
2871
7104
7366
460
6352
9916
8972
9688
5720
6565
6112
9679
9526
9219
6875
6726
3975
4766
9517
6127
6540
8487
4949
8405
4362
6111
7858
4246
8338
8642
6606
9566
3252
4227
7365
9703
9374
9089
6516
8999
6984
4772
8102
7292
3991
4401
5551
9725
9375
4502
4224
9003
9778
7732
8816
9639
9143
8729
8067
4408
9199
8608
6398
6226
8351
8713
7849
9856
8614
9652
8040
6831
9575
9923
4501
3261
2432
6073
9617
4431
8229
9739
7959
7529
9809
3713
9816
8184
7612
6544
5587
8662
8452
9196
9242
9236
7832
9413
4077
8094
9859
9205
7403
9147
4689
3497
3878
9792
4156
4526
9934
9576
8838
6261
6505
6845
5737
9919
4272
7041
9789
7037
9830
9978
8975
2493
7658
6446
7485
9374
3104
8544
3811
8788
9608
6965
9483
8880
9797
3599
9276
9538
6922
8345
9762
6011
1744
8189
9541
9908
1629
7479
5308
8472
7928
4362
9012
6066
7914
8774
8334
9912
7230
4081
1319
7916
9388
8847
3465
7463
2719
9292
8564
9571
7618
5364
9728
6994
7747
6946
4190
4766
9574
3868
8296
5968
6369
9898
9386
3237
7417
9941
5285
8406
9507
9947
9981
4222
8482
6854
6900
7475
5198
9433
7678
8998
7523
9518
9489
6227
6042
9217
7215
8198
9541
9850
7673
8523
9304
8059
7652
9867
2071
8304
3845
7891
9317
5580
9940
7570
8309
1927
9144
7423
8843
1020
9835
7868
9854
9918
9814
1313
4829
9868
9775
7789
1675
8842
9441
9620
8222
9212
9838
9433
8073
7856
3842
8964
9227
4581
7945
2505
5174
3423
9151
6837
9306
8973
9591
6338
7914
7683
5232
9371
7733
2800
5101
8508
9762
6339
7596
9193
5446
8982
4120
9537
9877
3849
8636
9051
8406
6200
8182
3328
8802
7383
908
9799
7581
9181
5636
8708
9488
5739
8743
6184
3656
2895
9796
9105
6626
8733
2388
7245
9129
9469
8120
8633
9668
9908
9674
7114
8678
4460
8330
2742
9296
4624
8431
8269
6461
4336
6626
7625
9569
2155
4352
8904
9486
8861
4655
9650
9025
7610
5903
8884
9575
9909
4424
9440
8934
7881
5043
9077
8607
7135
4212
7207
7378
3876
8960
8256
9590
9257
9354
4526
2591
3992
3373
9925
6806
9956
7340
7842
5768
7766
7791
6901
6542
9490
8603
7452
5461
5178
7425
6215
9927
5986
7933
9869
8997
9777
2040
8857
6935
5857
8674
4605
8254
7997
879
5288
9968
9751
9924
8849
8371
7236
7882
3614
6798
6301
8134
6127
8020
9365
9229
3291
5743
6909
9278
8403
9707
7213
3340
2458
7156
9501
1992
6097
9931
7157
9262
9381
8905
3290
9769
8075
7907
4115
6279
9496
8780
9858
9887
1971
9598
9775
8758
4459
5899
7823
7018
9577
6140
8806
9447
5131
3742
8274
7074
9673
8915
7147
9913
4098
7906
4564
7681
9059
9587
9154
8138
8455
6653
4678
5099
8381
3497
8423
3101
8092
8729
9427
9961
9933
9436
7435
7664
9945
6338
7731
1385
4109
9814
9859
2818
8937
9473
6453
8372
8919
9315
9676
9736
9484
9760
9776
8742
7409
8333
7785
6764
5220
4944
5959
5347
9141
7767
9917
8563
7417
8171
9350
9141
9581
4224
8232
9215
7895
9168
3338
5791
4764
8519
3216
8269
6300
8745
7191
6829
4304
9441
9571
7524
7338
8801
9512
5757
9379
8648
3736
9779
9215
7743
9881
7131
599
8361
9929
2917
6154
7578
7565
3303
4922
9789
5062
6548
1866
7677
6526
9879
9703
2348
4915
7829
6216
8083
5564
2235
7829
5294
4732
9350
5646
7724
1608
9998
6815
7737
2852
6010
8179
4373
9987
6464
9647
6939
8886
4668
8677
9778
9328
7185
9654
7557
6436
9140
9832
9567
4295
9775
9240
7819
7543
8188
7594
9110
9717
8829
6079
9311
7242
9942
7826
7726
9876
9041
7571
9983
9334
9787
8156
9883
5692
9279
6315
7235
4672
7003
4231
7105
8150
7715
9516
5125
9641
7860
8979
7187
9403
9140
9581
7315
7863
6205
9883
7410
9232
4029
7906
9473
9807
9466
8526
8026
8860
6664
9878
9925
7074
8275
9350
9892
7870
9959
8763
5779
8658
9272
8341
9934
9958
6415
9056
9219
6843
7221
2008
5913
8596
8108
8303
5407
9654
8380
1522
7923
5577
2786
9206
8812
7520
9857
5835
6955
4483
9930
5588
5852
9730
9470
8290
9078
9670
7930
9537
9468
9797
7910
4005
5416
9482
8319
6386
9507
9288
9935
4591
8432
4332
3008
9478
7861
9347
9219
5415
9233
6693
9985
7968
7192
7028
9252
9893
8532
8766
5886
2018
5719
4672
9376
3149
6306
4780
6840
5684
4485
8828
7889
9041
9488
8904
8977
8531
6488
6844
9517
9609
9990
3883
6231
9879
8932
2225
2864
8228
9868
9994
9125
7643
9427
7198
9908
7947
6857
6993
8740
6366
9734
4307
9162
5971
9929
6554
7976
9833
8013
7804
9146
9848
2955
4623
9542
7047
8519
9632
9429
9669
7042
9651
8591
8382
6257
9712
4088
9152
9129
9478
7029
6819
8209
8140
7299
9746
3039
9255
9751
8044
4958
8528
9159
8887
9906
4610
7474
6683
3501
9853
3616
9958
5138
5453
8394
7785
8184
7625
5959
5954
6516
8933
9066
7397
9588
7302
5759
7976
8432
7530
3982
6444
9187
8956
9640
9107
4728
3572
9076
10000
9204
7265
8997
4277
6663
7888
2620
5305
4569
8546
6286
6757
2534
2677
8976
7850
8233
9532
5374
9846
6348
3629
6999
4971
5341
9467
8651
6838
8705
9634
9755
9800
9114
7387
6538
3614
9409
7055
9410
8114
6278
5010
9952
7915
9952
9961
4107
9892
9885
6031
7163
7321
8995
8858
6843
3893
3640
7780
9854
9846
9984
5057
5587
9555
9945
9322
9594
9999
9724
9176
8886
3990
6555
1975
804
9811
9551
8600
5039
9056
8074
6604
6674
3248
8856
9160
6914
9061
4045
8486
9536
8230
7064
9958
9592
9571
9803
9357
7689
6880
7744
9256
6918
8366
8955
7824
8928
4389
9917
8814
1842
5796
6852
8322
6296
9331
7367
9986
9961
9390
9183
6301
5704
9902
5934
4617
9580
7841
9328
9954
8357
5509
8079
6207
4958
2720
9411
2459
5151
3577
4268
4946
9999
2958
6623
5846
9055
7448
2670
9324
5058
9164
7211
2703
9040
8415
5228
9796
6349
7520
8352
4165
8614
8749
4436
5345
4515
8489
6722
6966
9188
5246
9262
3297
4724
4390
6297
9548
9772
6906
8710
6266
6897
9967
9109
1982
8970
9324
6861
1484
7909
9975
8816
7862
9883
6134
9682
9780
9951
9775
6568
9728
9157
2537
5053
6282
8848
9657
6896
8204
9803
9828
6864
7555
9601
7425
5663
9396
6497
7115
9076
8567
9509
8671
7022
6208
9340
5563
7458
9270
8318
9859
9766
5030
9537
6811
8196
4139
8648
6994
9715
5911
5003
8449
4962
7595
7390
9067
9140
8995
8850
9172
9104
5253
7656
9992
7960
7030
6637
8322
9944
7019
7908
9537
6998
9583
9740
7415
9769
9065
9739
9976
6413
6721
6541
8653
6103
9820
9496
4394
8180
8767
4000
5944
9908
6932
9508
9542
8617
9794
9922
9110
5965
5508
2957
4822
9762
9515
9393
6393
3833
6681
9851
8106
9876
7039
9528
9907
2348
7895
7932
9907
8390
5814
8685
5580
5370
5715
8095
8495
2988
8488
5951
9424
9274
7504
8290
8853
8512
7171
3773
3307
9809
7556
9059
6534
9197
9286
3433
9263
9994
6344
6119
7417
8839
6873
7115
7563
9222
7144
6379
6412
8788
5382
8495
9833
8212
9115
9959
9289
9787
6613
7742
8914
7033
8502
9242
7530
4597
6601
8878
4836
6407
9370
9124
9852
7003
7725
2988
5195
6001
8495
8990
9599
9261
9833
8255
9755
9246
9663
8061
7582
3933
9230
8902
6367
3340
9880
9282
9673
7464
9970
9109
9827
9641
5192
4110
8931
7068
7794
4291
7806
6340
7954
9568
7509
3765
8683
8887
4470
5998
4642
9568
9906
9972
9411
5403
3553
7866
8486
4749
9793
5706
9719
9877
4417
6407
8918
6623
7896
3182
4914
8669
9986
6594
6187
6450
9647
5450
4899
6042
8649
9585
9744
7518
8573
6556
6479
9371
7463
9970
9962
8991
6090
2773
9947
7245
9679
7828
9771
7596
3239
9032
9356
8364
7943
8567
8538
8657
9390
9971
9585
9222
7031
3700
6281
6471
3668
9130
6743
9593
9983
9466
8783
5478
9713
7899
9126
9506
9284
9874
7899
9046
6478
7509
8751
5047
8141
9077
8293
1808
2175
7188
5167
7847
9502
9976
5077
9582
7920
9157
3732
8329
7409
4612
6639
9661
6674
9634
6845
5957
9782
2345
7712
9541
863
9867
6379
8946
5465
6569
8526
9567
5724
7495
3835
6644
7874
7217
9261
8340
9176
8647
8996
8774
7244
7681
9686
8868
9425
8788
9603
8425
1218
5775
4710
6749
9869
9753
9779
8010
7223
4794
6177
3606
5167
5026
7583
9260
7226
9250
7159
8316
9927
8486
9221
8637
4287
8865
4219
9934
7000
8850
8853
9399
6052
9985
8860
9924
6708
9935
5075
9535
8360
9834
6735
9953
5423
1788
4266
7529
8440
9632
4280
8230
5313
7993
9216
9320
9131
7695
8030
9578
7558
8204
8587
4737
9433
9715
9610
8555
3477
9182
7334
9241
8023
8421
2104
6288
938
4755
1503
6006
9273
7915
5650
9415
5800
7145
7200
9343
7350
5440
9260
9028
8290
9539
2437
6808
9077
6887
9932
782
8286
9028
8941
1099
6511
6404
6513
5368
9851
9034
6616
9773
4864
7283
8004
9721
7868
5345
6958
9436
8717
8107
7386
914
6842
9873
9942
5561
6138
9569
9844
9197
9251
8707
9707
5025
7471
7969
9233
8773
8455
9725
9844
7932
9788
9648
4376
6922
5480
5891
4450
6045
7584
6789
1342
8907
9404
4791
6232
9444
7424
9820
4800
4595
9566
6797
9426
8027
8751
5525
8767
9695
5853
5871
9543
9467
9814
9511
9965
9962
5323
5449
3108
7621
7473
8627
9037
9615
5532
5788
7822
9325
2716
6962
5739
2769
9329
9025
4458
6850
8527
9856
9904
9513
9390
2130
7708
6009
9819
7350
7947
9150
8114
9699
5760
9423
8946
7844
6482
6162
7779
7561
5698
9468
7252
7496
9810
3069
6732
7051
8065
9919
9144
7882
6710
4238
4529
7484
8605
9854
7919
9940
9748
2412
9607
8092
8592
2434
6056
9056
9783
9470
2303
9355
9859
4113
6611
8896
6944
9893
9285
4585
3985
7942
6958
9831
7276
5522
7814
8970
7883
2120
6288
7956
9386
5022
5924
7886
7528
9629
5027
8896
8179
8605
6841
6042
6632
8201
8200
9673
4339
1357
8374
6320
9548
5824
9064
8873
3462
6062
9612
7022
4425
7598
9276
7024
7223
8564
7357
5185
9546
3908
3816
7511
7414
9501
8493
6802
3985
3680
9867
9678
9179
2937
5878
5692
7877
8933
6486
9957
7528
5858
9279
8307
8978
9991
9651
8374
3350
6589
8443
7179
9977
4202
5057
8780
4035
9793
8622
9389
7645
9480
7922
555
8023
8993
9944
5867
3531
9816
7984
8267
5947
8641
3977
8959
4070
4827
9185
9148
7711
4355
4021
9161
8934
9886
4654
7313
7323
5788
5909
9311
5368
2120
5900
9755
4886
8985
9732
9592
8815
8913
7002
6211
7573
6379
4643
7159
8141
9156
9788
7789
4843
6493
7898
6020
7277
5754
8989
6292
8511
9830
4218
8016
9071
5260
9448
6093
6621
9560
8725
9413
9014
8870
7700
8128
4026
2074
8604
9755
9770
8813
4917
3549
4801
9562
7438
9065
9022
6903
9975
2076
9675
201
7366
8709
9261
7776
4601
7152
7737
9758
9840
8178
7218
9408
8733
3820
1563
9623
9053
7538
9773
8424
5314
9375
8503
8152
9536
7156
9228
8156
9725
9185
9642
8055
9424
8878
6181
8478
8764
9645
7855
6955
2279
4646
8341
5961
7959
4185
7101
9597
9148
9542
7513
7678
4484
5797
3251
7534
9045
8952
9872
3361
9636
8182
9408
8916
8879
9772
4303
9949
7059
8874
5951
9649
5416
7258
8767
4969
7775
5283
2904
8939
1134
7717
9711
9580
3649
7174
9118
5106
2045
9564
7801
5287
7352
9166
4423
9562
7842
9950
9255
8332
9414
3937
9665
7158
9053
5598
9634
7797
9193
9927
6844
8046
7898
3312
3967
9112
7673
5574
3150
4986
9146
1825
5318
8528
7379
9855
8288
5910
5505
4701
8281
5343
8426
7501
6255
8953
7110
5633
9033
9258
9241
9697
9903
2664
6682
9757
6763
5959
9032
9473
6009
8769
9795
7630
2486
9274
7805
9652
7339
6961
4961
8345
5930
3983
9734
9000
9387
9568
7291
4694
8382
7419
6703
6168
5391
4279
7643
9851
8854
8360
5030
5410
6172
8928
9898
8111
8604
7425
2303
8055
4485
4253
2797
6131
9123
9353
9088
6601
4971
9315
8801
3477
8899
3400
9658
9892
8683
9692
8602
